   0.0000000e+00   2.0000100e+00   6.6666389e-01   2.6666622e+00   2.0000000e+00
   0.0000000e+00   5.5555962e+00   1.7777719e+00   7.9999741e+00   4.0000000e+00
   0.0000000e+00   1.0320083e+01   2.9999913e+00   1.5999938e+01   6.0000000e+00
   0.0000000e+00   1.6132379e+01   4.3376656e+00   2.6666556e+01   8.0000000e+00
   0.0000000e+00   2.2890088e+01   5.5559622e+00   3.9999828e+01   1.0000000e+01
   0.0000000e+00   3.0519361e+01   6.8530638e+00   5.5999754e+01   1.2000000e+01
   0.0000000e+00   3.8963130e+01   8.1498564e+00   7.4666335e+01   1.4000000e+01
   0.0000000e+00   4.8175327e+01   9.5029058e+00   9.5999572e+01   1.6000000e+01
   0.0000000e+00   5.8117609e+01   1.0830409e+01   1.1999946e+02   1.8000000e+01
   0.0000000e+00   6.8757335e+01   1.2265979e+01   1.4666601e+02   2.0000000e+01
   0.0000000e+00   8.0066230e+01   1.3460318e+01   1.7599921e+02   2.2000000e+01
   0.0000000e+00   9.2019463e+01   1.4905590e+01   2.0799907e+02   2.4000000e+01
   0.0000000e+00   1.0459497e+02   1.6515792e+01   2.4266559e+02   2.6000000e+01
   0.0000000e+00   1.1777298e+02   1.7477420e+01   2.7999876e+02   2.8000000e+01
   0.0000000e+00   1.3153559e+02   1.9041382e+01   3.1999859e+02   3.0000000e+01
   0.0000000e+00   1.4586653e+02   2.0625533e+01   3.6266507e+02   3.2000000e+01
   0.0000000e+00   1.6075090e+02   2.2407420e+01   4.0799822e+02   3.4000000e+01
   0.0000000e+00   1.7617497e+02   2.3239092e+01   4.5599801e+02   3.6000000e+01
   0.0000000e+00   1.9212605e+02   2.4826567e+01   5.0666447e+02   3.8000000e+01
   0.0000000e+00   2.0859236e+02   2.6428322e+01   5.5999758e+02   4.0000000e+01
   0.0000000e+00   2.2556292e+02   2.8224320e+01   6.1599735e+02   4.2000000e+01
   0.0000000e+00   2.4302745e+02   2.8896543e+01   6.7466378e+02   4.4000000e+01
   0.0000000e+00   2.6097632e+02   3.0681416e+01   7.3599686e+02   4.6000000e+01
   0.0000000e+00   2.7940046e+02   3.2495094e+01   7.9999660e+02   4.8000000e+01
   0.0000000e+00   2.9829133e+02   3.4827554e+01   8.6666300e+02   5.0000000e+01
