   0.0000000e+00   1.2800000e+03
   1.0000000e+00   1.2773333e+03
   2.0000000e+00   1.2720000e+03
   3.0000000e+00   1.2640000e+03
   4.0000000e+00   1.2533333e+03
   5.0000000e+00   1.2400000e+03
   6.0000000e+00   1.2240000e+03
   7.0000000e+00   1.2053333e+03
   8.0000000e+00   1.1840000e+03
   9.0000000e+00   1.1600000e+03
   1.0000000e+01   1.1333333e+03
   1.1000000e+01   1.1040000e+03
   1.2000000e+01   1.0720000e+03
   1.3000000e+01   1.0373333e+03
   1.4000000e+01   1.0000000e+03
   1.5000000e+01   9.6000000e+02
   1.6000000e+01   9.1733333e+02
   1.7000000e+01   8.7200000e+02
   1.8000000e+01   8.2400000e+02
   1.9000000e+01   7.7333333e+02
   2.0000000e+01   7.2000000e+02
   2.1000000e+01   6.6400000e+02
   2.2000000e+01   6.0533333e+02
   2.3000000e+01   5.4400000e+02
   2.4000000e+01   4.8000000e+02
   2.5000000e+01   4.1333333e+02
   2.6000000e+01   3.4400000e+02
   2.7000000e+01   2.7200000e+02
   2.8000000e+01   1.9733333e+02
   2.9000000e+01   1.2000000e+02
   3.0000000e+01   4.0000000e+01
