   0.0000000e+00  -1.7500000e+01   7.5000000e+00
   2.5641026e-02  -1.7434876e+01   7.1422450e+00
   5.1282051e-02  -1.7302179e+01   6.8470842e+00
   7.6923077e-02  -1.7158314e+01   6.6142007e+00
   1.0256410e-01  -1.7027605e+01   6.4349700e+00
   1.2820513e-01  -1.6918069e+01   6.2990177e+00
   1.5384615e-01  -1.6830238e+01   6.1967944e+00
   1.7948718e-01  -1.6761647e+01   6.1203504e+00
   2.0512821e-01  -1.6708972e+01   6.0633810e+00
   2.3076923e-01  -1.6668961e+01   6.0210174e+00
   2.5641026e-01  -1.6638794e+01   5.9895579e+00
   2.8205128e-01  -1.6616161e+01   5.9662146e+00
   3.0769231e-01  -1.6599239e+01   5.9489012e+00
   3.3333333e-01  -1.6586617e+01   5.9360622e+00
   3.5897436e-01  -1.6577215e+01   5.9265413e+00
   3.8461538e-01  -1.6570220e+01   5.9194799e+00
   4.1025641e-01  -1.6565019e+01   5.9142416e+00
   4.3589744e-01  -1.6561152e+01   5.9103545e+00
   4.6153846e-01  -1.6558278e+01   5.9074691e+00
   4.8717949e-01  -1.6556142e+01   5.9053266e+00
   5.1282051e-01  -1.6554554e+01   5.9037350e+00
   5.3846154e-01  -1.6553373e+01   5.9025523e+00
   5.6410256e-01  -1.6552495e+01   5.9016731e+00
   5.8974359e-01  -1.6551842e+01   5.9010192e+00
   6.1538462e-01  -1.6551356e+01   5.9005328e+00
   6.4102564e-01  -1.6550994e+01   5.9001707e+00
   6.6666667e-01  -1.6550724e+01   5.8999012e+00
   6.9230769e-01  -1.6550524e+01   5.8997004e+00
   7.1794872e-01  -1.6550374e+01   5.8995508e+00
   7.4358974e-01  -1.6550263e+01   5.8994393e+00
   7.6923077e-01  -1.6550179e+01   5.8993562e+00
   7.9487179e-01  -1.6550117e+01   5.8992942e+00
   8.2051282e-01  -1.6550071e+01   5.8992479e+00
   8.4615385e-01  -1.6550037e+01   5.8992134e+00
   8.7179487e-01  -1.6550011e+01   5.8991877e+00
   8.9743590e-01  -1.6549992e+01   5.8991684e+00
   9.2307692e-01  -1.6549977e+01   5.8991541e+00
   9.4871795e-01  -1.6549967e+01   5.8991433e+00
   9.7435897e-01  -1.6549959e+01   5.8991353e+00
   1.0000000e+00  -1.6549953e+01   5.8991293e+00
