   0.0000000e+00   1.7500000e+01  -7.5000000e+00
   2.5641026e-02   1.6272991e+01  -7.3931604e+00
   5.1282051e-02   1.4278095e+01  -6.9939879e+00
   7.6923077e-02   1.1480587e+01  -6.2227990e+00
   1.0256410e-01   8.0420890e+00  -5.0877883e+00
   1.2820513e-01   4.2625243e+00  -3.6859441e+00
   1.5384615e-01   4.7268213e-01  -2.1613918e+00
   1.7948718e-01  -3.0538408e+00  -6.5600660e-01
   2.0512821e-01  -6.1416435e+00   7.2298653e-01
   2.3076923e-01  -8.7140000e+00   1.9135868e+00
   2.5641026e-01  -1.0770998e+01   2.8942114e+00
   2.8205128e-01  -1.2361303e+01   3.6720475e+00
   3.0769231e-01  -1.3557092e+01   4.2707810e+00
   3.3333333e-01  -1.4435972e+01   4.7208258e+00
   3.5897436e-01  -1.5070073e+01   5.0528841e+00
   3.8461538e-01  -1.5520823e+01   5.2944340e+00
   4.1025641e-01  -1.5837520e+01   5.4683072e+00
   4.3589744e-01  -1.6058063e+01   5.5925417e+00
   4.6153846e-01  -1.6210660e+01   5.6808847e+00
   4.8717949e-01  -1.6315793e+01   5.7435420e+00
   5.1282051e-01  -1.6388053e+01   5.7879464e+00
   5.3846154e-01  -1.6437684e+01   5.8194362e+00
   5.6410256e-01  -1.6471800e+01   5.8418083e+00
   5.8974359e-01  -1.6495299e+01   5.8577457e+00
   6.1538462e-01  -1.6511537e+01   5.8691371e+00
   6.4102564e-01  -1.6522802e+01   5.8773098e+00
   6.6666667e-01  -1.6530656e+01   5.8831966e+00
   6.9230769e-01  -1.6536160e+01   5.8874541e+00
   7.1794872e-01  -1.6540039e+01   5.8905454e+00
   7.4358974e-01  -1.6542789e+01   5.8927987e+00
   7.6923077e-01  -1.6544749e+01   5.8944471e+00
   7.9487179e-01  -1.6546155e+01   5.8956569e+00
   8.2051282e-01  -1.6547168e+01   5.8965477e+00
   8.4615385e-01  -1.6547902e+01   5.8972053e+00
   8.7179487e-01  -1.6548437e+01   5.8976919e+00
   8.9743590e-01  -1.6548827e+01   5.8980529e+00
   9.2307692e-01  -1.6549114e+01   5.8983211e+00
   9.4871795e-01  -1.6549325e+01   5.8985208e+00
   9.7435897e-01  -1.6549481e+01   5.8986696e+00
   1.0000000e+00  -1.6549597e+01   5.8987807e+00
