   1.3153460e+02   2.9829133e+02   0.0000000e+00   8.6666300e+02   0
   0.0000000e+00   2.4641038e+02   0.0000000e+00   7.6375277e+02   1
   0.0000000e+00   1.8334999e+02   0.0000000e+00   6.2889714e+02   2
   0.0000000e+00   1.3502619e+02   0.0000000e+00   5.0930160e+02   3
   0.0000000e+00   1.0020192e+02   0.0000000e+00   4.1159103e+02   4
   0.0000000e+00   7.5271226e+01   0.0000000e+00   3.3373141e+02   5
   0.0000000e+00   5.7278144e+01   0.0000000e+00   2.7203625e+02   6
   0.0000000e+00   4.4123576e+01   0.0000000e+00   2.2302351e+02   7
   0.0000000e+00   3.4367695e+01   0.0000000e+00   1.8383932e+02   8
   0.0000000e+00   2.7027465e+01   0.0000000e+00   1.5226054e+02   9
   0.0000000e+00   2.1427460e+01   0.0000000e+00   1.2658893e+02   10
   0.0000000e+00   1.7098569e+01   0.0000000e+00   1.0553472e+02   11
   0.0000000e+00   1.3710844e+01   0.0000000e+00   8.8117484e+01   12
   0.0000000e+00   1.1029146e+01   0.0000000e+00   7.3588611e+01   13
   0.0000000e+00   8.8836890e+00   0.0000000e+00   6.1372815e+01   14
   0.0000000e+00   7.1503068e+00   0.0000000e+00   5.1024763e+01   15
   0.0000000e+00   5.7370774e+00   0.0000000e+00   4.2197019e+01   16
   0.0000000e+00   4.5751540e+00   0.0000000e+00   3.4616364e+01   17
   0.0000000e+00   3.6124009e+00   0.0000000e+00   2.8066250e+01   18
   0.0000000e+00   2.8089239e+00   0.0000000e+00   2.2373721e+01   19
   0.0000000e+00   2.1338953e+00   0.0000000e+00   1.7399605e+01   20
   0.0000000e+00   1.5632718e+00   0.0000000e+00   1.3031112e+01   21
   0.0000000e+00   1.0781374e+00   0.0000000e+00   9.1762026e+00   22
   0.0000000e+00   6.6348750e-01   0.0000000e+00   5.7592803e+00   23
   0.0000000e+00   3.0732776e-01   0.0000000e+00   2.7178626e+00   24
