   2.0000000e+00   1.7857143e-01
   3.0000000e+00   1.9827553e-01
   4.0000000e+00   1.8694545e-01
   5.0000000e+00   1.5478279e-01
   6.0000000e+00   1.1432820e-01
   7.0000000e+00   7.5952310e-02
   8.0000000e+00   4.5571391e-02
   9.0000000e+00   2.4738757e-02
   1.0000000e+01   1.2152373e-02
   1.1000000e+01   5.3958416e-03
   1.2000000e+01   2.1608063e-03
   1.3000000e+01   7.7789024e-04
   1.4000000e+01   2.5065352e-04
   1.5000000e+01   7.1886323e-05
   1.6000000e+01   1.8220103e-05
   1.7000000e+01   4.0447092e-06
   1.8000000e+01   7.7750479e-07
   1.9000000e+01   1.2755842e-07
   2.0000000e+01   1.7485564e-08
   2.1000000e+01   1.9127922e-09
   2.2000000e+01   1.9626833e-10
   2.3000000e+01   3.2317372e-11
   2.4000000e+01  -1.0700098e-11
   2.5000000e+01  -7.1334295e-11
