   0.0000000e+00   3.8461538e-02
   1.0000000e+00   1.0683707e-01
   2.0000000e+00   1.5262452e-01
   3.0000000e+00   1.6946596e-01
   4.0000000e+00   1.5978226e-01
   5.0000000e+00   1.3229289e-01
   6.0000000e+00   9.7716365e-02
   7.0000000e+00   6.4916481e-02
   8.0000000e+00   3.8949895e-02
   9.0000000e+00   2.1144232e-02
   1.0000000e+01   1.0386642e-02
   1.1000000e+01   4.6118298e-03
   1.2000000e+01   1.8468427e-03
   1.3000000e+01   6.6486338e-04
   1.4000000e+01   2.1423375e-04
   1.5000000e+01   6.1441307e-05
   1.6000000e+01   1.5572716e-05
   1.7000000e+01   3.4569754e-06
   1.8000000e+01   6.6436835e-07
   1.9000000e+01   1.0886059e-07
   2.0000000e+01   1.4787192e-08
   2.1000000e+01   1.6601010e-09
   2.2000000e+01   1.9963019e-10
   2.3000000e+01  -1.9711760e-10
   2.4000000e+01  -4.9722722e-10
   2.5000000e+01  -3.8811908e-10
