   4.0000000e+00   3.0000000e-01
   5.0000000e+00   2.4838685e-01
   6.0000000e+00   1.8346751e-01
   7.0000000e+00   1.2188400e-01
   8.0000000e+00   7.3130397e-02
   9.0000000e+00   3.9699359e-02
   1.0000000e+01   1.9501440e-02
   1.1000000e+01   8.6589410e-03
   1.2000000e+01   3.4675395e-03
   1.3000000e+01   1.2483143e-03
   1.4000000e+01   4.0223471e-04
   1.5000000e+01   1.1535921e-04
   1.6000000e+01   2.9238504e-05
   1.7000000e+01   6.4905173e-06
   1.8000000e+01   1.2474929e-06
   1.9000000e+01   2.0450465e-07
   2.0000000e+01   2.8026939e-08
   2.1000000e+01   3.0510317e-09
   2.2000000e+01   1.9150818e-10
   2.3000000e+01  -3.6465206e-11
   2.4000000e+01  -1.6901790e-11
   2.5000000e+01  -2.2449861e-11
