   2.0000000e+00   2.9644444e+02
   3.0000000e+00   5.8888889e+02
   4.0000000e+00   6.9840000e+02
   5.0000000e+00   7.4515556e+02
   6.0000000e+00   7.6349206e+02
   7.0000000e+00   7.6628571e+02
   8.0000000e+00   7.5925926e+02
   9.0000000e+00   7.4527407e+02
   1.0000000e+01   7.2589091e+02
   1.1000000e+01   7.0202020e+02
   1.2000000e+01   6.7422222e+02
   1.3000000e+01   6.4285714e+02
   1.4000000e+01   6.0816508e+02
   1.5000000e+01   5.7031111e+02
   1.6000000e+01   5.2941176e+02
   1.7000000e+01   4.8555120e+02
   1.8000000e+01   4.3879142e+02
   1.9000000e+01   3.8917895e+02
   2.0000000e+01   3.3674921e+02
   2.1000000e+01   2.8152958e+02
   2.2000000e+01   2.2354150e+02
   2.3000000e+01   1.6280193e+02
   2.4000000e+01   9.9324444e+01
   2.5000000e+01   3.3120000e+01
