   4.0000000e+00   1.7360000e+02
   5.0000000e+00   4.0062222e+02
   6.0000000e+00   5.2196825e+02
   7.0000000e+00   5.8914286e+02
   8.0000000e+00   6.2503704e+02
   9.0000000e+00   6.4109630e+02
   1.0000000e+01   6.4356364e+02
   1.1000000e+01   6.3608081e+02
   1.2000000e+01   6.2088889e+02
   1.3000000e+01   5.9942857e+02
   1.4000000e+01   5.7266032e+02
   1.5000000e+01   5.4124444e+02
   1.6000000e+01   5.0564706e+02
   1.7000000e+01   4.6620479e+02
   1.8000000e+01   4.2316569e+02
   1.9000000e+01   3.7671579e+02
   2.0000000e+01   3.2699683e+02
   2.1000000e+01   2.7411833e+02
   2.2000000e+01   2.1816601e+02
   2.3000000e+01   1.5920773e+02
   2.4000000e+01   9.7297778e+01
   2.5000000e+01   3.2480000e+01
