   0.0000000e+00   9.0000000e+02
   1.0000000e+00   8.9733333e+02
   2.0000000e+00   8.9200000e+02
   3.0000000e+00   8.8400000e+02
   4.0000000e+00   8.7333333e+02
   5.0000000e+00   8.6000000e+02
   6.0000000e+00   8.4400000e+02
   7.0000000e+00   8.2533333e+02
   8.0000000e+00   8.0400000e+02
   9.0000000e+00   7.8000000e+02
   1.0000000e+01   7.5333333e+02
   1.1000000e+01   7.2400000e+02
   1.2000000e+01   6.9200000e+02
   1.3000000e+01   6.5733333e+02
   1.4000000e+01   6.2000000e+02
   1.5000000e+01   5.8000000e+02
   1.6000000e+01   5.3733333e+02
   1.7000000e+01   4.9200000e+02
   1.8000000e+01   4.4400000e+02
   1.9000000e+01   3.9333333e+02
   2.0000000e+01   3.4000000e+02
   2.1000000e+01   2.8400000e+02
   2.2000000e+01   2.2533333e+02
   2.3000000e+01   1.6400000e+02
   2.4000000e+01   1.0000000e+02
   2.5000000e+01   3.3333333e+01
