   4.0000000e+00   8.5221818e+01
   5.0000000e+00   1.0940171e+02
   6.0000000e+00   1.1260408e+02
   7.0000000e+00   1.0800000e+02
   8.0000000e+00   1.0051982e+02
   9.0000000e+00   9.2160000e+01
   1.0000000e+01   8.3758534e+01
   1.1000000e+01   7.5662222e+01
   1.2000000e+01   6.8000000e+01
   1.3000000e+01   6.0802252e+01
   1.4000000e+01   5.4055341e+01
   1.5000000e+01   4.7727273e+01
   1.6000000e+01   4.1779931e+01
   1.7000000e+01   3.6174842e+01
   1.8000000e+01   3.0875772e+01
   1.9000000e+01   2.5849756e+01
   2.0000000e+01   2.1067342e+01
   2.1000000e+01   1.6502479e+01
   2.2000000e+01   1.2132245e+01
   2.3000000e+01   7.9365079e+00
   2.4000000e+01   3.8976000e+00
   2.5000000e+01   0.0000000e+00
