   0.0000000e+00   9.0000000e+02
   1.0000000e+00   5.3760000e+02
   2.0000000e+00   3.8114286e+02
   3.0000000e+00   2.9333333e+02
   4.0000000e+00   2.3672727e+02
   5.0000000e+00   1.9692308e+02
   6.0000000e+00   1.6720000e+02
   7.0000000e+00   1.4400000e+02
   8.0000000e+00   1.2526316e+02
   9.0000000e+00   1.0971429e+02
   1.0000000e+01   9.6521739e+01
   1.1000000e+01   8.5120000e+01
   1.2000000e+01   7.5111111e+01
   1.3000000e+01   6.6206897e+01
   1.4000000e+01   5.8193548e+01
   1.5000000e+01   5.0909091e+01
   1.6000000e+01   4.4228571e+01
   1.7000000e+01   3.8054054e+01
   1.8000000e+01   3.2307692e+01
   1.9000000e+01   2.6926829e+01
   2.0000000e+01   2.1860465e+01
   2.1000000e+01   1.7066667e+01
   2.2000000e+01   1.2510638e+01
   2.3000000e+01   8.1632653e+00
   2.4000000e+01   4.0000000e+00
   2.5000000e+01   0.0000000e+00
