   2.0000000e+00   2.1174603e+02
   3.0000000e+00   2.2000000e+02
   4.0000000e+00   1.9885091e+02
   5.0000000e+00   1.7504274e+02
   6.0000000e+00   1.5355102e+02
   7.0000000e+00   1.3500000e+02
   8.0000000e+00   1.1907732e+02
   9.0000000e+00   1.0532571e+02
   1.0000000e+01   9.3330938e+01
   1.1000000e+01   8.2755556e+01
   1.2000000e+01   7.3333333e+01
   1.3000000e+01   6.4855735e+01
   1.4000000e+01   5.7158996e+01
   1.5000000e+01   5.0113636e+01
   1.6000000e+01   4.3616411e+01
   1.7000000e+01   3.7584251e+01
   1.8000000e+01   3.1949712e+01
   1.9000000e+01   2.6657561e+01
   2.0000000e+01   2.1662184e+01
   2.1000000e+01   1.6925620e+01
   2.2000000e+01   1.2416040e+01
   2.3000000e+01   8.1065760e+00
   2.4000000e+01   3.9744000e+00
   2.5000000e+01   0.0000000e+00
