   1.9205283e-04   0.0000000e+00   0.0000000e+00
   4.5885840e-04   0.0000000e+00   0.0000000e+00
   6.4070642e-04   0.0000000e+00   0.0000000e+00
   6.5581449e-04   0.0000000e+00   0.0000000e+00
   2.4236187e-03   0.0000000e+00   0.0000000e+00
   2.4842295e-03   0.0000000e+00   0.0000000e+00
   6.2456054e-03   0.0000000e+00   0.0000000e+00
   6.3862975e-03   0.0000000e+00   0.0000000e+00
   6.6060800e-03   0.0000000e+00   0.0000000e+00
   6.6980729e-03   0.0000000e+00   0.0000000e+00
   7.9196751e-03   0.0000000e+00   0.0000000e+00
   8.5300439e-03   0.0000000e+00   0.0000000e+00
   1.2129489e-02   0.0000000e+00   0.0000000e+00
   1.2903408e-02   0.0000000e+00   0.0000000e+00
   1.4935341e-02   0.0000000e+00   0.0000000e+00
   1.5846351e-02   0.0000000e+00   0.0000000e+00
   1.7020129e-02   0.0000000e+00   0.0000000e+00
   1.7483056e-02   0.0000000e+00   0.0000000e+00
   1.8657288e-02   0.0000000e+00   0.0000000e+00
   2.0299459e-02   0.0000000e+00   0.0000000e+00
   2.2274079e-02   0.0000000e+00   0.0000000e+00
   2.2878573e-02   0.0000000e+00   0.0000000e+00
   2.9959814e-02   0.0000000e+00   0.0000000e+00
   3.1109610e-02   0.0000000e+00   0.0000000e+00
   3.2874587e-02   0.0000000e+00   0.0000000e+00
   3.4435593e-02   0.0000000e+00   0.0000000e+00
   3.5334592e-02   0.0000000e+00   0.0000000e+00
   3.5470227e-02   0.0000000e+00   0.0000000e+00
   3.5573541e-02   0.0000000e+00   0.0000000e+00
   3.8004025e-02   0.0000000e+00   0.0000000e+00
   3.8983193e-02   0.0000000e+00   0.0000000e+00
   4.3262332e-02   0.0000000e+00   0.0000000e+00
   4.7090863e-02   0.0000000e+00   0.0000000e+00
   4.8017100e-02   0.0000000e+00   0.0000000e+00
   5.2840417e-02   0.0000000e+00   0.0000000e+00
   5.3606576e-02   0.0000000e+00   0.0000000e+00
   5.5015966e-02   0.0000000e+00   0.0000000e+00
   5.6081347e-02   0.0000000e+00   0.0000000e+00
   5.6803505e-02   0.0000000e+00   0.0000000e+00
   5.6854161e-02   0.0000000e+00   0.0000000e+00
   6.0372148e-02   0.0000000e+00   0.0000000e+00
   6.2496370e-02   0.0000000e+00   0.0000000e+00
   6.7991760e-02   0.0000000e+00   0.0000000e+00
   7.3286512e-02   0.0000000e+00   0.0000000e+00
   7.4803886e-02   0.0000000e+00   0.0000000e+00
   7.5674021e-02   0.0000000e+00   0.0000000e+00
   7.9575156e-02   0.0000000e+00   0.0000000e+00
   7.9687631e-02   0.0000000e+00   0.0000000e+00
   8.1822456e-02   0.0000000e+00   0.0000000e+00
   8.9005532e-02   0.0000000e+00   0.0000000e+00
   8.9086070e-02   0.0000000e+00   0.0000000e+00
   9.3048300e-02   0.0000000e+00   0.0000000e+00
   9.3221151e-02   0.0000000e+00   0.0000000e+00
   9.3474315e-02   0.0000000e+00   0.0000000e+00
   9.5846741e-02   0.0000000e+00   0.0000000e+00
   1.0373864e-01   0.0000000e+00   0.0000000e+00
   1.0598905e-01   0.0000000e+00   0.0000000e+00
   1.0671978e-01   0.0000000e+00   0.0000000e+00
   1.0939671e-01   0.0000000e+00   0.0000000e+00
   1.1473693e-01   0.0000000e+00   0.0000000e+00
   1.1566762e-01   0.0000000e+00   0.0000000e+00
   1.1607169e-01   0.0000000e+00   0.0000000e+00
   1.2048286e-01   0.0000000e+00   0.0000000e+00
   1.2134542e-01   0.0000000e+00   0.0000000e+00
   1.2250410e-01   0.0000000e+00   0.0000000e+00
   1.2402326e-01   0.0000000e+00   0.0000000e+00
   1.2597193e-01   0.0000000e+00   0.0000000e+00
   1.2811353e-01   0.0000000e+00   0.0000000e+00
   1.3185946e-01   0.0000000e+00   0.0000000e+00
   1.3243029e-01   0.0000000e+00   0.0000000e+00
   1.3623357e-01   0.0000000e+00   0.0000000e+00
   1.4142840e-01   0.0000000e+00   0.0000000e+00
   1.4206825e-01   0.0000000e+00   0.0000000e+00
   1.4328633e-01   0.0000000e+00   0.0000000e+00
   1.4439355e-01   0.0000000e+00   0.0000000e+00
   1.4733019e-01   0.0000000e+00   0.0000000e+00
   1.4862519e-01   0.0000000e+00   0.0000000e+00
   1.4891837e-01   0.0000000e+00   0.0000000e+00
   1.5262250e-01   0.0000000e+00   0.0000000e+00
   1.5647983e-01   0.0000000e+00   0.0000000e+00
   1.6201509e-01   0.0000000e+00   0.0000000e+00
   1.6817506e-01   0.0000000e+00   0.0000000e+00
   1.6856166e-01   0.0000000e+00   0.0000000e+00
   1.7511978e-01   0.0000000e+00   0.0000000e+00
   1.7537840e-01   0.0000000e+00   0.0000000e+00
   1.7636817e-01   0.0000000e+00   0.0000000e+00
   1.7681899e-01   0.0000000e+00   0.0000000e+00
   1.7763821e-01   0.0000000e+00   0.0000000e+00
   1.8027183e-01   0.0000000e+00   0.0000000e+00
   1.8042380e-01   0.0000000e+00   0.0000000e+00
   1.8126220e-01   0.0000000e+00   0.0000000e+00
   1.8313264e-01   0.0000000e+00   0.0000000e+00
   1.8396009e-01   0.0000000e+00   0.0000000e+00
   1.8567182e-01   0.0000000e+00   0.0000000e+00
   1.8708474e-01   0.0000000e+00   0.0000000e+00
   1.8860626e-01   0.0000000e+00   0.0000000e+00
   1.9186732e-01   0.0000000e+00   0.0000000e+00
   1.9289133e-01   0.0000000e+00   0.0000000e+00
   1.9515763e-01   0.0000000e+00   0.0000000e+00
   1.9764474e-01   0.0000000e+00   0.0000000e+00
   1.9988472e-01   0.0000000e+00   0.0000000e+00
   2.0050128e-01   0.0000000e+00   0.0000000e+00
   2.0216931e-01   0.0000000e+00   0.0000000e+00
   2.0313072e-01   0.0000000e+00   0.0000000e+00
   2.0396481e-01   0.0000000e+00   0.0000000e+00
   2.0767302e-01   0.0000000e+00   0.0000000e+00
   2.1257630e-01   0.0000000e+00   0.0000000e+00
   2.1380204e-01   0.0000000e+00   0.0000000e+00
   2.1437568e-01   0.0000000e+00   0.0000000e+00
   2.2138043e-01   0.0000000e+00   0.0000000e+00
   2.2228077e-01   0.0000000e+00   0.0000000e+00
   2.2474239e-01   0.0000000e+00   0.0000000e+00
   2.2692511e-01   0.0000000e+00   0.0000000e+00
   2.2835571e-01   0.0000000e+00   0.0000000e+00
   2.2992172e-01   0.0000000e+00   0.0000000e+00
   2.3068402e-01   0.0000000e+00   0.0000000e+00
   2.3352896e-01   0.0000000e+00   0.0000000e+00
   2.3693682e-01   0.0000000e+00   0.0000000e+00
   2.3822547e-01   0.0000000e+00   0.0000000e+00
   2.3942279e-01   0.0000000e+00   0.0000000e+00
   2.4095942e-01   0.0000000e+00   0.0000000e+00
   2.4361379e-01   0.0000000e+00   0.0000000e+00
   2.4768890e-01   0.0000000e+00   0.0000000e+00
   2.4825559e-01   0.0000000e+00   0.0000000e+00
   2.4872381e-01   0.0000000e+00   0.0000000e+00
   2.4909687e-01   0.0000000e+00   0.0000000e+00
   2.5014119e-01   0.0000000e+00   0.0000000e+00
   2.5395435e-01   0.0000000e+00   0.0000000e+00
   2.5882631e-01   0.0000000e+00   0.0000000e+00
   2.6072919e-01   0.0000000e+00   0.0000000e+00
   2.6426138e-01   0.0000000e+00   0.0000000e+00
   2.6623601e-01   0.0000000e+00   0.0000000e+00
   2.6650551e-01   0.0000000e+00   0.0000000e+00
   2.6828728e-01   0.0000000e+00   0.0000000e+00
   2.6934083e-01   0.0000000e+00   0.0000000e+00
   2.7099045e-01   0.0000000e+00   0.0000000e+00
   2.7121523e-01   0.0000000e+00   0.0000000e+00
   2.7139268e-01   0.0000000e+00   0.0000000e+00
   2.7559139e-01   0.0000000e+00   0.0000000e+00
   2.8110158e-01   0.0000000e+00   0.0000000e+00
   2.8266850e-01   0.0000000e+00   0.0000000e+00
   2.8500269e-01   0.0000000e+00   0.0000000e+00
   2.9005935e-01   0.0000000e+00   0.0000000e+00
   2.9045714e-01   0.0000000e+00   0.0000000e+00
   2.9106637e-01   0.0000000e+00   0.0000000e+00
   2.9484721e-01   0.0000000e+00   0.0000000e+00
   3.0245830e-01   0.0000000e+00   0.0000000e+00
   3.0321330e-01   0.0000000e+00   0.0000000e+00
   3.0342593e-01   0.0000000e+00   0.0000000e+00
   3.0582543e-01   0.0000000e+00   0.0000000e+00
   3.0649466e-01   0.0000000e+00   0.0000000e+00
   3.0696121e-01   0.0000000e+00   0.0000000e+00
   3.0716060e-01   0.0000000e+00   0.0000000e+00
   3.0717159e-01   0.0000000e+00   0.0000000e+00
   3.1598210e-01   0.0000000e+00   0.0000000e+00
   3.1870071e-01   0.0000000e+00   0.0000000e+00
   3.2334072e-01   0.0000000e+00   0.0000000e+00
   3.2339981e-01   0.0000000e+00   0.0000000e+00
   3.2414940e-01   0.0000000e+00   0.0000000e+00
   3.2876198e-01   0.0000000e+00   0.0000000e+00
   3.3332722e-01   0.0000000e+00   0.0000000e+00
   3.4243979e-01   0.0000000e+00   0.0000000e+00
   3.4362401e-01   0.0000000e+00   0.0000000e+00
   3.4616778e-01   0.0000000e+00   0.0000000e+00
   3.5407263e-01   0.0000000e+00   0.0000000e+00
   3.6629458e-01   0.0000000e+00   0.0000000e+00
   3.7214781e-01   0.0000000e+00   0.0000000e+00
   3.7312960e-01   0.0000000e+00   0.0000000e+00
   3.7371660e-01   0.0000000e+00   0.0000000e+00
   3.7503310e-01   0.0000000e+00   0.0000000e+00
   3.7613902e-01   0.0000000e+00   0.0000000e+00
   3.7872307e-01   0.0000000e+00   0.0000000e+00
   3.8474429e-01   0.0000000e+00   0.0000000e+00
   3.9181737e-01   0.0000000e+00   0.0000000e+00
   4.0092274e-01   0.0000000e+00   0.0000000e+00
   4.0821696e-01   0.0000000e+00   0.0000000e+00
   4.2414815e-01   0.0000000e+00   0.0000000e+00
   4.2963627e-01   0.0000000e+00   0.0000000e+00
   4.3502142e-01   0.0000000e+00   0.0000000e+00
   4.3855284e-01   0.0000000e+00   0.0000000e+00
   4.5205499e-01   0.0000000e+00   0.0000000e+00
   4.6565755e-01   0.0000000e+00   0.0000000e+00
   4.6675319e-01   0.0000000e+00   0.0000000e+00
   4.7334599e-01   0.0000000e+00   0.0000000e+00
   4.7420440e-01   0.0000000e+00   0.0000000e+00
   4.8368199e-01   0.0000000e+00   0.0000000e+00
   4.8370291e-01   0.0000000e+00   0.0000000e+00
   4.8480125e-01   0.0000000e+00   0.0000000e+00
   4.8560975e-01   0.0000000e+00   0.0000000e+00
   4.8932624e-01   0.0000000e+00   0.0000000e+00
   4.9135966e-01   0.0000000e+00   0.0000000e+00
   4.9440795e-01   0.0000000e+00   0.0000000e+00
   5.0073936e-01   1.4787241e-03   1.4787241e-03
   5.0142962e-01   2.8592498e-03   2.8592498e-03
   5.0498030e-01   9.9606026e-03   9.9606026e-03
   5.0627374e-01   1.2547478e-02   1.2547478e-02
   5.1074216e-01   2.1484320e-02   2.1484320e-02
   5.1095039e-01   2.1900770e-02   2.1900770e-02
   5.1599781e-01   3.1995613e-02   3.1995613e-02
   5.1623171e-01   3.2463430e-02   3.2463430e-02
   5.1775158e-01   3.5503164e-02   3.5503164e-02
   5.2012307e-01   4.0246137e-02   4.0246137e-02
   5.4195355e-01   8.3907101e-02   8.3907101e-02
   5.4212589e-01   8.4251776e-02   8.4251776e-02
   5.5130148e-01   1.0260296e-01   1.0260296e-01
   5.5946544e-01   1.1893088e-01   1.1893088e-01
   5.6335102e-01   1.2670204e-01   1.2670204e-01
   5.7436100e-01   1.4872200e-01   1.4872200e-01
   5.9074323e-01   1.8148647e-01   1.8148647e-01
   5.9409732e-01   1.8819465e-01   1.8819465e-01
   5.9557518e-01   1.9115036e-01   1.9115036e-01
   5.9720306e-01   1.9440612e-01   1.9440612e-01
   6.1200927e-01   2.2401854e-01   2.2401854e-01
   6.1520464e-01   2.3040929e-01   2.3040929e-01
   6.2283986e-01   2.4567973e-01   2.4567973e-01
   6.2936129e-01   2.5872258e-01   2.5872258e-01
   6.3674345e-01   2.7348690e-01   2.7348690e-01
   6.4144056e-01   2.8288111e-01   2.8288111e-01
   6.4988424e-01   2.9976848e-01   2.9976848e-01
   6.5584114e-01   3.1168229e-01   3.1168229e-01
   6.7205019e-01   3.4410039e-01   3.4410039e-01
   6.7303204e-01   3.4606409e-01   3.4606409e-01
   6.8856247e-01   3.7712493e-01   3.7712493e-01
   6.9045336e-01   3.8090671e-01   3.8090671e-01
   6.9088170e-01   3.8176339e-01   3.8176339e-01
   6.9424738e-01   3.8849477e-01   3.8849477e-01
   6.9878589e-01   3.9757178e-01   3.9757178e-01
   7.0500597e-01   4.1001193e-01   4.1001193e-01
   7.0775444e-01   4.1550888e-01   4.1550888e-01
   7.1456692e-01   4.2913384e-01   4.2913384e-01
   7.4194687e-01   4.8389374e-01   4.8389374e-01
   7.7177034e-01   5.4354068e-01   5.4354068e-01
   7.7643268e-01   5.5286536e-01   5.5286536e-01
   7.7940396e-01   5.5880792e-01   5.5880792e-01
   7.8207161e-01   5.6414321e-01   5.6414321e-01
   7.8655919e-01   5.7311839e-01   5.7311839e-01
   7.9195632e-01   5.8391263e-01   5.8391263e-01
   8.0186680e-01   6.0373360e-01   6.0373360e-01
   8.1041972e-01   6.2083944e-01   6.2083944e-01
   8.2042749e-01   6.4085498e-01   6.4085498e-01
   8.2706888e-01   6.5413776e-01   6.5413776e-01
   8.3180304e-01   6.6360609e-01   6.6360609e-01
   8.3378959e-01   6.6757918e-01   6.6757918e-01
   8.3711271e-01   6.7422542e-01   6.7422542e-01
   8.4094293e-01   6.8188586e-01   6.8188586e-01
   8.4117516e-01   6.8235031e-01   6.8235031e-01
   8.5021031e-01   7.0042063e-01   7.0042063e-01
   8.6455788e-01   7.2911575e-01   7.2911575e-01
   8.6503184e-01   7.3006369e-01   7.3006369e-01
   8.6760206e-01   7.3520412e-01   7.3520412e-01
   8.7863774e-01   7.5727547e-01   7.5727547e-01
   8.8438002e-01   7.6876004e-01   7.6876004e-01
   8.9118473e-01   7.8236946e-01   7.8236946e-01
   8.9290404e-01   7.8580808e-01   7.8580808e-01
   8.9308282e-01   7.8616564e-01   7.8616564e-01
   9.0577730e-01   8.1155460e-01   8.1155460e-01
   9.0724394e-01   8.1448788e-01   8.1448788e-01
   9.0749369e-01   8.1498737e-01   8.1498737e-01
   9.0816826e-01   8.1633653e-01   8.1633653e-01
   9.1376348e-01   8.2752696e-01   8.2752696e-01
   9.1871175e-01   8.3742350e-01   8.3742350e-01
   9.2208026e-01   8.4416053e-01   8.4416053e-01
   9.3146193e-01   8.6292386e-01   8.6292386e-01
   9.3149427e-01   8.6298855e-01   8.6298855e-01
   9.3684594e-01   8.7369188e-01   8.7369188e-01
   9.3917112e-01   8.7834224e-01   8.7834224e-01
   9.3956336e-01   8.7912673e-01   8.7912673e-01
   9.4313705e-01   8.8627410e-01   8.8627410e-01
   9.4368176e-01   8.8736352e-01   8.8736352e-01
   9.4626726e-01   8.9253453e-01   8.9253453e-01
   9.4840720e-01   8.9681440e-01   8.9681440e-01
   9.4874867e-01   8.9749735e-01   8.9749735e-01
   9.5308888e-01   9.0617776e-01   9.0617776e-01
   9.5333686e-01   9.0667373e-01   9.0667373e-01
   9.5375715e-01   9.0751430e-01   9.0751430e-01
   9.5398635e-01   9.0797271e-01   9.0797271e-01
   9.6135587e-01   9.2271173e-01   9.2271173e-01
   9.6478720e-01   9.2957440e-01   9.2957440e-01
   9.6516238e-01   9.3032475e-01   9.3032475e-01
   9.7211353e-01   9.4422705e-01   9.4422705e-01
   9.7325083e-01   9.4650165e-01   9.4650165e-01
   9.7659549e-01   9.5319099e-01   9.5319099e-01
   9.8314421e-01   9.6628842e-01   9.6628842e-01
   9.8352320e-01   9.6704639e-01   9.6704639e-01
   9.8560614e-01   9.7121228e-01   9.7121228e-01
   9.8693722e-01   9.7387445e-01   9.7387445e-01
   9.8757121e-01   9.7514242e-01   9.7514242e-01
   9.9071116e-01   9.8142232e-01   9.8142232e-01
   9.9309755e-01   9.8619509e-01   9.8619509e-01
   9.9330736e-01   9.8661472e-01   9.8661472e-01
   9.9344302e-01   9.8688605e-01   9.8688605e-01
   9.9659130e-01   9.9318261e-01   9.9318261e-01
   9.9696788e-01   9.9393576e-01   9.9393576e-01
   9.9746124e-01   9.9492249e-01   9.9492249e-01
   9.9835536e-01   9.9671073e-01   9.9671073e-01
   9.9846260e-01   9.9692519e-01   9.9692519e-01
   9.9862731e-01   9.9725462e-01   9.9725462e-01
   9.9870772e-01   9.9741543e-01   9.9741543e-01
   9.9906499e-01   9.9812998e-01   9.9812998e-01
   9.9997830e-01   9.9995661e-01   9.9995661e-01
