   2.1204705e-04   2.1204705e-04   2.1204705e-04
   2.3001190e-04   2.3001190e-04   2.3001190e-04
   6.5815424e-04   6.5815424e-04   6.5815424e-04
   9.8481035e-04   9.8481034e-04   9.8481034e-04
   1.1399323e-03   1.1399323e-03   1.1399323e-03
   1.5226243e-03   1.5226243e-03   1.5226243e-03
   1.9777606e-03   1.9777606e-03   1.9777606e-03
   3.3631318e-03   3.3631318e-03   3.3631317e-03
   6.1550369e-03   6.1550369e-03   6.1550369e-03
   7.1663984e-03   7.1663984e-03   7.1663984e-03
   8.5326437e-03   8.5326437e-03   8.5326437e-03
   1.4221075e-02   1.4221075e-02   1.4221075e-02
   1.4677024e-02   1.4677024e-02   1.4677024e-02
   1.8128824e-02   1.8128823e-02   1.8128824e-02
   1.8607022e-02   1.8607022e-02   1.8607022e-02
   1.9023299e-02   1.9023299e-02   1.9023299e-02
   1.9456516e-02   1.9456516e-02   1.9456516e-02
   2.4200572e-02   2.4200572e-02   2.4200572e-02
   2.6130381e-02   2.6130381e-02   2.6130381e-02
   2.8334272e-02   2.8334272e-02   2.8334272e-02
   2.9895030e-02   2.9895029e-02   2.9895029e-02
   3.0925036e-02   3.0925036e-02   3.0925036e-02
   3.1740664e-02   3.1740664e-02   3.0768107e-02
   3.2503397e-02   3.2503396e-02   3.2503397e-02
   3.3270066e-02   3.3270065e-02   3.3270066e-02
   3.9908738e-02   3.9908738e-02   3.9908738e-02
   4.0294058e-02   4.0294058e-02   3.8484281e-02
   4.2330739e-02   4.2330739e-02   4.2330739e-02
   4.4588177e-02   4.4588177e-02   4.4588177e-02
   4.9565810e-02   4.9565810e-02   4.7482036e-02
   5.1819800e-02   5.1819800e-02   4.8632465e-02
   5.5847274e-02   5.5847274e-02   5.5847274e-02
   6.5960752e-02   6.5960751e-02   6.5960752e-02
   7.0176945e-02   7.0176945e-02   6.8352808e-02
   7.2166908e-02   7.2166908e-02   7.0882100e-02
   7.4983214e-02   7.4983213e-02   7.4983213e-02
   8.2764017e-02   8.2764017e-02   8.2764017e-02
   8.4008600e-02   8.4008600e-02   8.1385346e-02
   8.5297312e-02   8.5297312e-02   8.3005492e-02
   8.6872939e-02   8.6872938e-02   8.6872939e-02
   9.0331306e-02   9.0331305e-02   8.9263123e-02
   9.3759547e-02   9.3759546e-02   9.3759547e-02
   9.9327496e-02   9.9327495e-02   9.7052961e-02
   1.0112710e-01   1.0112710e-01   1.0112710e-01
   1.0528310e-01   1.0528309e-01   1.0528310e-01
   1.0737398e-01   1.0737398e-01   1.0508915e-01
   1.0795488e-01   1.0795488e-01   1.0795488e-01
   1.0995693e-01   1.0995693e-01   1.0743554e-01
   1.1380971e-01   1.1380971e-01   1.1166460e-01
   1.1539939e-01   1.1539939e-01   1.1539938e-01
   1.2488833e-01   1.2488833e-01   1.2272770e-01
   1.2603602e-01   1.2603602e-01   1.2603602e-01
   1.2701425e-01   1.2701425e-01   1.2489304e-01
   1.2822743e-01   1.2822743e-01   1.2526496e-01
   1.3140122e-01   1.3140122e-01   1.2915975e-01
   1.3668856e-01   1.3668856e-01   1.3536587e-01
   1.3685392e-01   1.3685392e-01   1.3685392e-01
   1.3739354e-01   1.3739354e-01   1.3413575e-01
   1.4009271e-01   1.4009271e-01   1.3826841e-01
   1.4065624e-01   1.4065624e-01   1.4065624e-01
   1.4634440e-01   1.4634440e-01   1.4311757e-01
   1.4795070e-01   1.4795070e-01   1.4577975e-01
   1.5121835e-01   1.5121835e-01   1.4925042e-01
   1.5138394e-01   1.5138394e-01   1.5138394e-01
   1.5226746e-01   1.5226746e-01   1.5226746e-01
   1.5242089e-01   1.5242089e-01   1.5045728e-01
   1.5295453e-01   1.5295453e-01   1.4985093e-01
   1.5396377e-01   1.5396377e-01   1.5139622e-01
   1.5801825e-01   1.5801825e-01   1.5498706e-01
   1.5932427e-01   1.5932427e-01   1.5633136e-01
   1.6012342e-01   1.6012342e-01   1.5870528e-01
   1.6016618e-01   1.6016618e-01   1.6016618e-01
   1.6313206e-01   1.6313206e-01   1.6073454e-01
   1.6526902e-01   1.6526902e-01   1.6526902e-01
   1.6542900e-01   1.6542900e-01   1.6542900e-01
   1.6685684e-01   1.6685684e-01   1.6437593e-01
   1.6784145e-01   1.6784145e-01   1.6576535e-01
   1.7721472e-01   1.7721472e-01   1.7721472e-01
   1.7774406e-01   1.7774406e-01   1.7774406e-01
   1.7866474e-01   1.7866474e-01   1.7653927e-01
   1.8132530e-01   1.8132530e-01   1.7871433e-01
   1.8283988e-01   1.8283988e-01   1.8106231e-01
   1.9248075e-01   1.9248075e-01   1.9053997e-01
   1.9285439e-01   1.9285439e-01   1.9035881e-01
   1.9659245e-01   1.9659245e-01   1.9433872e-01
   1.9905325e-01   1.9905325e-01   1.9670035e-01
   1.9996015e-01   1.9996015e-01   1.9996015e-01
   2.1001325e-01   2.1001325e-01   2.0708618e-01
   2.1118195e-01   2.1118195e-01   2.1118195e-01
   2.1580109e-01   2.1580109e-01   2.1388568e-01
   2.1781799e-01   2.1781799e-01   2.1781799e-01
   2.2321662e-01   2.2321662e-01   2.2321662e-01
   2.2449236e-01   2.2449236e-01   2.2333290e-01
   2.3190308e-01   2.3190308e-01   2.3051928e-01
   2.3242754e-01   2.3242754e-01   2.3055123e-01
   2.3374972e-01   2.3374972e-01   2.3211570e-01
   2.3586206e-01   2.3586206e-01   2.3586206e-01
   2.3664205e-01   2.3664205e-01   2.3664205e-01
   2.3789872e-01   2.3789872e-01   2.3692371e-01
   2.3936209e-01   2.3936209e-01   2.3757808e-01
   2.4275502e-01   2.4275502e-01   2.4097815e-01
   2.4394904e-01   2.4394904e-01   2.4223138e-01
   2.4711960e-01   2.4711960e-01   2.4514659e-01
   2.4722477e-01   2.4722477e-01   2.4495635e-01
   2.5081720e-01   2.5081720e-01   2.4901459e-01
   2.5623362e-01   2.5623362e-01   2.5387849e-01
   2.5769296e-01   2.5769296e-01   2.5769296e-01
   2.5789628e-01   2.5789628e-01   2.5625334e-01
   2.6183369e-01   2.6183369e-01   2.5982151e-01
   2.6463560e-01   2.6463560e-01   2.6245191e-01
   2.6963758e-01   2.6963758e-01   2.6807629e-01
   2.7257744e-01   2.7257744e-01   2.7096340e-01
   2.7692507e-01   2.7692507e-01   2.7692507e-01
   2.7948677e-01   2.7948677e-01   2.7775822e-01
   2.8309888e-01   2.8309888e-01   2.8196060e-01
   2.8546026e-01   2.8546026e-01   2.8418877e-01
   2.8662518e-01   2.8662518e-01   2.8401325e-01
   2.8819043e-01   2.8819043e-01   2.8819043e-01
   2.8831384e-01   2.8831384e-01   2.8619847e-01
   2.9057458e-01   2.9057458e-01   2.8868935e-01
   2.9237888e-01   2.9237888e-01   2.9122684e-01
   2.9351515e-01   2.9351515e-01   2.9122063e-01
   2.9545931e-01   2.9545931e-01   2.9360015e-01
   2.9575297e-01   2.9575297e-01   2.9575297e-01
   3.0086290e-01   3.0086290e-01   2.9920094e-01
   3.0243614e-01   3.0243614e-01   3.0243614e-01
   3.0290798e-01   3.0290798e-01   3.0066682e-01
   3.0354671e-01   3.0354671e-01   3.0137258e-01
   3.0735860e-01   3.0735860e-01   3.0606927e-01
   3.1183041e-01   3.1183041e-01   3.0978290e-01
   3.1997845e-01   3.1997845e-01   3.1777795e-01
   3.2037166e-01   3.2037166e-01   3.1885754e-01
   3.2498422e-01   3.2498422e-01   3.2338827e-01
   3.2822934e-01   3.2822934e-01   3.2822934e-01
   3.3356748e-01   3.3356748e-01   3.3248262e-01
   3.4090273e-01   3.4090273e-01   3.4090273e-01
   3.4900043e-01   3.4900043e-01   3.4819665e-01
   3.5160882e-01   3.5160882e-01   3.5160882e-01
   3.5445779e-01   3.5445779e-01   3.5269799e-01
   3.6571255e-01   3.6571255e-01   3.6571255e-01
   3.6900242e-01   3.6900242e-01   3.6804480e-01
   3.7727785e-01   3.7727785e-01   3.7727785e-01
   3.7965896e-01   3.7965896e-01   3.7965896e-01
   3.8161602e-01   3.8161602e-01   3.8161602e-01
   3.8473002e-01   3.8473002e-01   3.8473002e-01
   3.8698138e-01   3.8698138e-01   3.8698138e-01
   3.8784112e-01   3.8784112e-01   3.8725933e-01
   4.0088445e-01   4.0088445e-01   3.9963385e-01
   4.0466387e-01   4.0466387e-01   4.0338623e-01
   4.0775592e-01   4.0775592e-01   4.0775592e-01
   4.0931547e-01   4.0931547e-01   4.0822324e-01
   4.1266797e-01   4.1266797e-01   4.1110047e-01
   4.2191257e-01   4.2191257e-01   4.2191257e-01
   4.2484791e-01   4.2484791e-01   4.2484791e-01
   4.2843417e-01   4.2843417e-01   4.2687101e-01
   4.3006585e-01   4.3006585e-01   4.2850330e-01
   4.3095603e-01   4.3095603e-01   4.2965522e-01
   4.3760053e-01   4.3760053e-01   4.3760053e-01
   4.3831154e-01   4.3831154e-01   4.3831154e-01
   4.4033700e-01   4.4033700e-01   4.3945417e-01
   4.4529571e-01   4.4529571e-01   4.4529570e-01
   4.4809772e-01   4.4809772e-01   4.4694404e-01
   4.4839821e-01   4.4839821e-01   4.4732860e-01
   4.5180480e-01   4.5180480e-01   4.5180480e-01
   4.5365065e-01   4.5365065e-01   4.5365065e-01
   4.6084010e-01   4.6084010e-01   4.6084010e-01
   4.6276043e-01   4.6276043e-01   4.6276043e-01
   4.7198575e-01   4.7198575e-01   4.7198575e-01
   4.7223416e-01   4.7223416e-01   4.7223416e-01
   4.7384393e-01   4.7384393e-01   4.7267483e-01
   4.7689342e-01   4.7689342e-01   4.7629608e-01
   4.8177300e-01   4.8177300e-01   4.8177300e-01
   4.9677639e-01   4.9677639e-01   4.9677639e-01
   5.0768384e-01   5.0768384e-01   5.0597153e-01
   5.1649610e-01   5.1649610e-01   5.1649610e-01
   5.1859946e-01   5.1859946e-01   5.1744718e-01
   5.1947965e-01   5.1947965e-01   5.1947965e-01
   5.2081262e-01   5.2081262e-01   5.2081262e-01
   5.2653888e-01   5.2653888e-01   5.2653888e-01
   5.3288738e-01   5.3288738e-01   5.3288737e-01
   5.3348806e-01   5.3348806e-01   5.3348806e-01
   5.4159790e-01   5.4159790e-01   5.4159790e-01
   5.4186555e-01   5.4186555e-01   5.4186555e-01
   5.4314921e-01   5.4314921e-01   5.4232434e-01
   5.4618424e-01   5.4618424e-01   5.4489744e-01
   5.4816212e-01   5.4816212e-01   5.4681998e-01
   5.5483157e-01   5.5483157e-01   5.5483157e-01
   5.5866840e-01   5.5866840e-01   5.5756131e-01
   5.6382474e-01   5.6382474e-01   5.6382474e-01
   5.6990945e-01   5.6990945e-01   5.6990945e-01
   5.7264264e-01   5.7264264e-01   5.7264264e-01
   5.8340465e-01   5.8340465e-01   5.8340465e-01
   5.9075193e-01   5.9075193e-01   5.9075193e-01
   6.0663718e-01   6.0663717e-01   6.0663717e-01
   6.1417477e-01   6.1417477e-01   6.1417476e-01
   6.1485868e-01   6.1485868e-01   6.1485868e-01
   6.2565464e-01   6.2565464e-01   6.2565464e-01
   6.3168396e-01   6.3168396e-01   6.3168396e-01
   6.4288471e-01   6.4288471e-01   6.4288470e-01
   6.5282394e-01   6.5282394e-01   6.5282394e-01
   6.5620324e-01   6.5620324e-01   6.5620324e-01
   6.6012834e-01   6.6012834e-01   6.6012834e-01
   6.6457251e-01   6.6457251e-01   6.6457251e-01
   6.6537703e-01   6.6537703e-01   6.6458694e-01
   6.6602369e-01   6.6602369e-01   6.6540526e-01
   6.6624213e-01   6.6624213e-01   6.6624213e-01
   6.7007485e-01   6.7007485e-01   6.7007485e-01
   6.7464427e-01   6.7464427e-01   6.7464427e-01
   6.9535905e-01   6.9535905e-01   6.9535905e-01
   7.0358384e-01   7.0358383e-01   7.0358383e-01
   7.0426154e-01   7.0426154e-01   7.0426154e-01
   7.0741265e-01   7.0741265e-01   7.0741265e-01
   7.0903959e-01   7.0903958e-01   7.0903959e-01
   7.1218955e-01   7.1218955e-01   7.1218954e-01
   7.1515577e-01   7.1515577e-01   7.1515577e-01
   7.1996765e-01   7.1996764e-01   7.1996764e-01
   7.2389688e-01   7.2389688e-01   7.2389688e-01
   7.4101826e-01   7.4101826e-01   7.4101826e-01
   7.4247565e-01   7.4247565e-01   7.4247565e-01
   7.4728810e-01   7.4728810e-01   7.4728809e-01
   7.5220977e-01   7.5220977e-01   7.5220977e-01
   7.6601146e-01   7.6601144e-01   7.6601146e-01
   7.6829870e-01   7.6829869e-01   7.6829869e-01
   7.6927644e-01   7.6927644e-01   7.6927644e-01
   7.7273277e-01   7.7273276e-01   7.7273277e-01
   7.7688767e-01   7.7688766e-01   7.7688766e-01
   7.7758531e-01   7.7758531e-01   7.7758531e-01
   7.9996276e-01   7.9996276e-01   7.9996276e-01
   8.0046364e-01   8.0046364e-01   8.0046364e-01
   8.0371641e-01   8.0371641e-01   8.0371641e-01
   8.1510210e-01   8.1510210e-01   8.1510210e-01
   8.2500128e-01   8.2500128e-01   8.2500127e-01
   8.2786946e-01   8.2786946e-01   8.2786946e-01
   8.3142934e-01   8.3142934e-01   8.3142933e-01
   8.3383280e-01   8.3383280e-01   8.3383280e-01
   8.4896798e-01   8.4896797e-01   8.4896798e-01
   8.4929775e-01   8.4929775e-01   8.4929774e-01
   8.5039109e-01   8.5039109e-01   8.5039108e-01
   8.5330461e-01   8.5330461e-01   8.5330460e-01
   8.5350833e-01   8.5350832e-01   8.5350832e-01
   8.5568184e-01   8.5568184e-01   8.5568183e-01
   8.5674627e-01   8.5674627e-01   8.5674627e-01
   8.7141324e-01   8.7141324e-01   8.7141324e-01
   8.7184557e-01   8.7184557e-01   8.7184557e-01
   8.7274217e-01   8.7274217e-01   8.7274217e-01
   8.7615458e-01   8.7615458e-01   8.7615458e-01
   8.8047281e-01   8.8047281e-01   8.8047281e-01
   8.8105925e-01   8.8105925e-01   8.8105924e-01
   8.9990606e-01   8.9990606e-01   8.9990605e-01
   9.0175171e-01   9.0175171e-01   9.0175171e-01
   9.0321030e-01   9.0321030e-01   9.0321030e-01
   9.0768187e-01   9.0768187e-01   9.0768186e-01
   9.0968687e-01   9.0968687e-01   9.0968687e-01
   9.0973845e-01   9.0973845e-01   9.0973845e-01
   9.1633268e-01   9.1633268e-01   9.1633267e-01
   9.2097283e-01   9.2097283e-01   9.2097283e-01
   9.2254343e-01   9.2254343e-01   9.2254343e-01
   9.2403247e-01   9.2403247e-01   9.2403247e-01
   9.2523266e-01   9.2523266e-01   9.2523266e-01
   9.2836156e-01   9.2836156e-01   9.2836156e-01
   9.4242388e-01   9.4242387e-01   9.4242387e-01
   9.4450101e-01   9.4450101e-01   9.4450100e-01
   9.4476082e-01   9.4476082e-01   9.4476082e-01
   9.4737739e-01   9.4737739e-01   9.4737739e-01
   9.5111828e-01   9.5111828e-01   9.5111828e-01
   9.5137108e-01   9.5137108e-01   9.5137108e-01
   9.5296264e-01   9.5296264e-01   9.5296264e-01
   9.5390064e-01   9.5390064e-01   9.5390064e-01
   9.5989742e-01   9.5989742e-01   9.5989742e-01
   9.5999273e-01   9.5999273e-01   9.5999273e-01
   9.6456371e-01   9.6456370e-01   9.6456371e-01
   9.6493448e-01   9.6493448e-01   9.6493448e-01
   9.6539909e-01   9.6539908e-01   9.6539909e-01
   9.6994536e-01   9.6994536e-01   9.6994536e-01
   9.7102063e-01   9.7102063e-01   9.7102063e-01
   9.7359871e-01   9.7359871e-01   9.7359871e-01
   9.7699095e-01   9.7699095e-01   9.7699095e-01
   9.7721588e-01   9.7721588e-01   9.7721587e-01
   9.7790203e-01   9.7790203e-01   9.7790203e-01
   9.7908116e-01   9.7908116e-01   9.7908116e-01
   9.8155652e-01   9.8155652e-01   9.8155652e-01
   9.8169261e-01   9.8169261e-01   9.8169261e-01
   9.8203116e-01   9.8203116e-01   9.8203116e-01
   9.8446151e-01   9.8446151e-01   9.8446151e-01
   9.8643882e-01   9.8643882e-01   9.8643882e-01
   9.8648765e-01   9.8648765e-01   9.8648765e-01
   9.8854269e-01   9.8854269e-01   9.8854268e-01
   9.8883804e-01   9.8883804e-01   9.8883804e-01
   9.9037036e-01   9.9037036e-01   9.9037036e-01
   9.9129463e-01   9.9129462e-01   9.9129463e-01
   9.9172925e-01   9.9172925e-01   9.9172924e-01
   9.9438789e-01   9.9438789e-01   9.9438789e-01
   9.9510979e-01   9.9510978e-01   9.9510978e-01
   9.9718953e-01   9.9718953e-01   9.9718953e-01
   9.9825031e-01   9.9825031e-01   9.9825031e-01
   9.9880603e-01   9.9880602e-01   9.9880603e-01
   9.9914671e-01   9.9914671e-01   9.9914671e-01
   9.9954336e-01   9.9954336e-01   9.9954336e-01
   9.9980871e-01   9.9980871e-01   9.9980871e-01
   9.9989438e-01   9.9989438e-01   9.9989438e-01
