   0.0000000e+00   3.2258065e-02
   1.0000000e+00   9.0725353e-02
   2.0000000e+00   1.3288068e-01
   3.0000000e+00   1.5320371e-01
   4.0000000e+00   1.5195314e-01
   5.0000000e+00   1.3413152e-01
   6.0000000e+00   1.0710751e-01
   7.0000000e+00   7.8054073e-02
   8.0000000e+00   5.2169484e-02
   9.0000000e+00   3.2068893e-02
   1.0000000e+01   1.8154536e-02
   1.1000000e+01   9.4683533e-03
   1.2000000e+01   4.5474907e-03
   1.3000000e+01   2.0091642e-03
   1.4000000e+01   8.1524108e-04
   1.5000000e+01   3.0311810e-04
   1.6000000e+01   1.0298105e-04
   1.7000000e+01   3.1856450e-05
   1.8000000e+01   8.9346557e-06
   1.9000000e+01   2.2601907e-06
   2.0000000e+01   5.1253667e-07
   2.1000000e+01   1.0347450e-07
   2.2000000e+01   1.8468122e-08
   2.3000000e+01   2.9046153e-09
   2.4000000e+01   3.9432354e-10
   2.5000000e+01   3.5246178e-11
   2.6000000e+01  -1.1557180e-10
   2.7000000e+01  -1.4776527e-10
   2.8000000e+01  -4.1317853e-10
   2.9000000e+01  -1.6977412e-10
   3.0000000e+01  -1.5668255e-10
