   0.0000000e+00   1.2800000e+03
   1.0000000e+00   7.6560000e+02
   2.0000000e+00   5.4400000e+02
   3.0000000e+00   4.2000000e+02
   4.0000000e+00   3.4036364e+02
   5.0000000e+00   2.8461538e+02
   6.0000000e+00   2.4320000e+02
   7.0000000e+00   2.1105882e+02
   8.0000000e+00   1.8526316e+02
   9.0000000e+00   1.6400000e+02
   1.0000000e+01   1.4608696e+02
   1.1000000e+01   1.3072000e+02
   1.2000000e+01   1.1733333e+02
   1.3000000e+01   1.0551724e+02
   1.4000000e+01   9.4967742e+01
   1.5000000e+01   8.5454545e+01
   1.6000000e+01   7.6800000e+01
   1.7000000e+01   6.8864865e+01
   1.8000000e+01   6.1538462e+01
   1.9000000e+01   5.4731707e+01
   2.0000000e+01   4.8372093e+01
   2.1000000e+01   4.2400000e+01
   2.2000000e+01   3.6765957e+01
   2.3000000e+01   3.1428571e+01
   2.4000000e+01   2.6352941e+01
   2.5000000e+01   2.1509434e+01
   2.6000000e+01   1.6872727e+01
   2.7000000e+01   1.2421053e+01
   2.8000000e+01   8.1355932e+00
   2.9000000e+01   4.0000000e+00
   3.0000000e+01   0.0000000e+00
